[gd_scene load_steps=9 format=3 uid="uid://k3q0idr2tf81"]

[ext_resource type="Script" uid="uid://bwtqtyou4avfi" path="res://scenes/car.gd" id="1_qt2eu"]
[ext_resource type="SpriteFrames" uid="uid://cdbjj24erxbmb" path="res://assets/animations/car.tres" id="2_50v30"]
[ext_resource type="AudioStream" uid="uid://dyjmagg1gt6os" path="res://assets/audio/motor_loop.mp3" id="3_50v30"]
[ext_resource type="Texture2D" uid="uid://duhxxml5ec5x3" path="res://assets/textures/car_passenger.png" id="3_jtldb"]
[ext_resource type="Texture2D" uid="uid://mvnci6d8h6ob" path="res://assets/textures/car_light_left.png" id="4_cp117"]
[ext_resource type="Texture2D" uid="uid://b1ig1nxop5atc" path="res://assets/textures/car_light_right.png" id="5_4clw4"]

[sub_resource type="BoxShape3D" id="BoxShape3D_0xm2m"]
size = Vector3(0.5, 0.5, 1.3)

[sub_resource type="CylinderShape3D" id="CylinderShape3D_qt2eu"]
height = 1.0966797
radius = 0.4555664

[node name="StaticBody3D" type="VehicleBody3D"]
mass = 500.0
gravity_scale = 2.0
script = ExtResource("1_qt2eu")

[node name="AnimatedSprite3D" type="AnimatedSprite3D" parent="."]
transform = Transform3D(1, 0, 0, 0, 0.76733303, 0.64124876, 0, -0.64124876, 0.76733303, 0, 0.16907415, 0)
pixel_size = 0.015
texture_filter = 2
render_priority = 1
sprite_frames = ExtResource("2_50v30")

[node name="Sprite3D" type="Sprite3D" parent="."]
transform = Transform3D(1, 0, 0, 0, 0.76733303, 0.6412488, 0, -0.6412488, 0.76733303, 0, 0.16907415, 0)
visible = false
pixel_size = 0.015
texture_filter = 2
render_priority = 2
texture = ExtResource("3_jtldb")

[node name="Sprite3D2" type="Sprite3D" parent="."]
transform = Transform3D(1, 0, 0, 0, 0.76733303, 0.6412488, 0, -0.6412488, 0.76733303, 0, 0.16907415, 0)
visible = false
pixel_size = 0.015
texture_filter = 2
render_priority = 2
texture = ExtResource("4_cp117")

[node name="Sprite3D3" type="Sprite3D" parent="."]
transform = Transform3D(1, 0, 0, 0, 0.76733303, 0.6412488, 0, -0.6412488, 0.76733303, 0, 0.16907415, 0)
visible = false
pixel_size = 0.015
texture_filter = 2
render_priority = 2
texture = ExtResource("5_4clw4")

[node name="CollisionShape3D" type="CollisionShape3D" parent="."]
transform = Transform3D(1, 0, 0, 0, 1, 0, 0, 0, 1, 0, 0.3802858, -0.7108246)
shape = SubResource("BoxShape3D_0xm2m")

[node name="VehicleWheel3D" type="VehicleWheel3D" parent="."]
transform = Transform3D(-1, 0, -8.742278e-08, 0, 1, 0, 8.742278e-08, 0, -1, 0.6, 0.2, 0)
use_as_traction = true
wheel_roll_influence = 1.0
suspension_travel = 0.3
suspension_stiffness = 60.0

[node name="VehicleWheel3D2" type="VehicleWheel3D" parent="."]
transform = Transform3D(-1, 0, -8.742278e-08, 0, 1, 0, 8.742278e-08, 0, -1, 0.6, 0.2, -1.311)
use_as_steering = true
wheel_roll_influence = 1.0
suspension_travel = 0.3
suspension_stiffness = 60.0

[node name="VehicleWheel3D3" type="VehicleWheel3D" parent="."]
transform = Transform3D(-1, 0, -8.742278e-08, 0, 1, 0, 8.742278e-08, 0, -1, -0.6, 0.2, 0)
use_as_traction = true
wheel_roll_influence = 1.0
suspension_travel = 0.3
suspension_stiffness = 60.0

[node name="VehicleWheel3D4" type="VehicleWheel3D" parent="."]
transform = Transform3D(-1, 0, -8.742278e-08, 0, 1, 0, 8.742278e-08, 0, -1, -0.6, 0.2, -1.311)
use_as_steering = true
wheel_roll_influence = 1.0
suspension_travel = 0.3
suspension_stiffness = 60.0

[node name="CameraProxy" type="Node3D" parent="."]
transform = Transform3D(1, 0, 0, 0, 1, 0, 0, 0, 1, 0, 2.0171058, 1.5966085)

[node name="EnterArea" type="Area3D" parent="."]
transform = Transform3D(1, 0, 0, 0, 1, 0, 0, 0, 1, 0, 0, -0.10295993)

[node name="CollisionShape3D" type="CollisionShape3D" parent="EnterArea"]
transform = Transform3D(1, 0, 0, 0, 1, 0, 0, 0, 1, 0, 0.45166016, 0)
shape = SubResource("CylinderShape3D_qt2eu")

[node name="AudioStreamPlayer3D" type="AudioStreamPlayer3D" parent="."]
stream = ExtResource("3_50v30")
volume_db = -30.0
autoplay = true
