[gd_scene load_steps=39 format=3 uid="uid://dlhki6ih13wds"]

[ext_resource type="Script" uid="uid://ufcjwy02k8uo" path="res://camera.gd" id="1_h2yge"]
[ext_resource type="PackedScene" uid="uid://k3q0idr2tf81" path="res://scenes/car.tscn" id="2_272bh"]
[ext_resource type="Shader" uid="uid://c0sj1qhrf8m6g" path="res://cel.gdshader" id="4_1bvp3"]
[ext_resource type="PackedScene" uid="uid://keua02epfw03" path="res://scenes/building.tscn" id="5_5vw27"]
[ext_resource type="Texture2D" uid="uid://s1wgiuyjcpys" path="res://assets/textures/window.png" id="5_7mycd"]
[ext_resource type="PackedScene" uid="uid://cj25b8g2m2j31" path="res://scenes/customer.tscn" id="6_5vw27"]
[ext_resource type="PackedScene" uid="uid://cw676sux01gpn" path="res://scenes/road_piece.tscn" id="6_kek77"]
[ext_resource type="PackedScene" uid="uid://w0wl86slel28" path="res://scenes/streetlamp.tscn" id="7_5vw27"]
[ext_resource type="PackedScene" uid="uid://bisocnccuvmb0" path="res://scenes/waypoint_marker.tscn" id="7_272bh"]
[ext_resource type="Texture2D" uid="uid://drxt0un05kr48" path="res://assets/textures/ninep.png" id="10_4c57u"]
[ext_resource type="Script" uid="uid://c2en0h4p1rk7n" path="res://radio_label.gd" id="10_cegan"]
[ext_resource type="Script" uid="uid://bibtfpw5swqim" path="res://cash_ui.gd" id="11_dg77c"]
[ext_resource type="Texture2D" uid="uid://b1warrqnsb165" path="res://assets/textures/tree.png" id="11_efxa6"]
[ext_resource type="Script" uid="uid://da1wdcfxm0q27" path="res://radio.gd" id="13_ycdy4"]
[ext_resource type="AudioStream" uid="uid://badilklb5ega6" path="res://assets/audio/radio/RADIO_FLUSS.ogg" id="14_074og"]
[ext_resource type="AudioStream" uid="uid://bj428qjs84dfl" path="res://assets/audio/radio/RADIO_goblin.ogg" id="15_cegan"]
[ext_resource type="AudioStream" uid="uid://dcciqrecdl5a1" path="res://assets/audio/radio/RADIO_GoingRogue.ogg" id="16_82xsv"]
[ext_resource type="AudioStream" uid="uid://0q5sr26vp0no" path="res://assets/audio/radio/RADIO_Sang1.ogg" id="17_getpj"]
[ext_resource type="AudioStream" uid="uid://btl1img4ipgq5" path="res://assets/audio/radio/RADIO_Taxi.ogg" id="18_ryguw"]

[sub_resource type="ProceduralSkyMaterial" id="ProceduralSkyMaterial_7dm0k"]
sky_top_color = Color(0.2, 0.28333336, 0.4, 1)
sky_horizon_color = Color(0.83, 0.72044, 0.5312, 1)
ground_bottom_color = Color(0.22379607, 0.32115266, 0.44152558, 1)
ground_horizon_color = Color(0.15190001, 0.17298, 0.31, 1)

[sub_resource type="Sky" id="Sky_ig7tw"]
sky_material = SubResource("ProceduralSkyMaterial_7dm0k")

[sub_resource type="Environment" id="Environment_0xm2m"]
background_mode = 2
sky = SubResource("Sky_ig7tw")

[sub_resource type="PlaneMesh" id="PlaneMesh_7dm0k"]
size = Vector2(80, 80)

[sub_resource type="StandardMaterial3D" id="StandardMaterial3D_ig7tw"]
albedo_color = Color(0.14767182, 0.14767179, 0.14767179, 1)

[sub_resource type="WorldBoundaryShape3D" id="WorldBoundaryShape3D_0xm2m"]

[sub_resource type="BoxMesh" id="BoxMesh_0xm2m"]
size = Vector3(1.5, 5, 1.5)

[sub_resource type="StandardMaterial3D" id="StandardMaterial3D_1bvp3"]
albedo_color = Color(0.60040003, 0.73944, 0.79, 1)

[sub_resource type="ShaderMaterial" id="ShaderMaterial_lquwl"]
render_priority = 0
next_pass = SubResource("StandardMaterial3D_1bvp3")
shader = ExtResource("4_1bvp3")
shader_parameter/outline_color = Color(0.1875, 0.23020834, 0.25, 1)
shader_parameter/outline_threshold = 0.2

[sub_resource type="StandardMaterial3D" id="StandardMaterial3D_kek77"]
albedo_color = Color(0.52140003, 0.66, 0.52833, 1)

[sub_resource type="ShaderMaterial" id="ShaderMaterial_4c57u"]
render_priority = 0
next_pass = SubResource("StandardMaterial3D_kek77")
shader = ExtResource("4_1bvp3")
shader_parameter/outline_color = Color(0.1875, 0.23020834, 0.25, 1)
shader_parameter/outline_threshold = 0.2

[sub_resource type="StandardMaterial3D" id="StandardMaterial3D_efxa6"]
albedo_color = Color(0.3555, 0.45, 0.360225, 1)

[sub_resource type="ShaderMaterial" id="ShaderMaterial_dg77c"]
render_priority = 0
next_pass = SubResource("StandardMaterial3D_efxa6")
shader = ExtResource("4_1bvp3")
shader_parameter/outline_color = Color(0.1875, 0.23020834, 0.25, 1)
shader_parameter/outline_threshold = 0.2

[sub_resource type="StandardMaterial3D" id="StandardMaterial3D_4c57u"]
albedo_color = Color(0.9163201, 0.6992, 0.92, 1)

[sub_resource type="ShaderMaterial" id="ShaderMaterial_efxa6"]
render_priority = 0
next_pass = SubResource("StandardMaterial3D_4c57u")
shader = ExtResource("4_1bvp3")
shader_parameter/outline_color = Color(0.1875, 0.23020834, 0.25, 1)
shader_parameter/outline_threshold = 0.2

[sub_resource type="BoxMesh" id="BoxMesh_efxa6"]
size = Vector3(1, 10, 1)

[sub_resource type="StandardMaterial3D" id="StandardMaterial3D_dg77c"]
albedo_color = Color(0.21, 0.19725999, 0.1806, 1)

[sub_resource type="ShaderMaterial" id="ShaderMaterial_ycdy4"]
render_priority = 0
next_pass = SubResource("StandardMaterial3D_dg77c")
shader = ExtResource("4_1bvp3")
shader_parameter/outline_color = Color(0.14767182, 0.14767179, 0.14767179, 1)
shader_parameter/outline_threshold = 0.2

[sub_resource type="BoxMesh" id="BoxMesh_kek77"]
size = Vector3(1, 6, 1)

[node name="Root" type="Node3D"]

[node name="WorldEnvironment" type="WorldEnvironment" parent="."]
environment = SubResource("Environment_0xm2m")

[node name="DirectionalLight3D" type="DirectionalLight3D" parent="."]
transform = Transform3D(1, 0, 0, 0, 0.046112705, 0.99893624, 0, -0.99893624, 0.046112705, 0, 0, 0)

[node name="Car" parent="." instance=ExtResource("2_272bh")]
transform = Transform3D(1, 0, 0, 0, 1, 0, 0, 0, 1, 0, 0.07711488, 0)

[node name="Camera3D" type="Camera3D" parent="." node_paths=PackedStringArray("car")]
transform = Transform3D(1, 0, 0, 0, 0.8813694, 0.47242773, 0, -0.47242773, 0.8813694, 0.030901551, 1.6132106, 1.1649492)
script = ExtResource("1_h2yge")
car = NodePath("../Car")

[node name="Floor" type="StaticBody3D" parent="."]

[node name="MeshInstance3D" type="MeshInstance3D" parent="Floor"]
transform = Transform3D(1, 0, 0, 0, 1, 0, 0, 0, 1, 25.234364, 0, -2.5239067)
mesh = SubResource("PlaneMesh_7dm0k")
skeleton = NodePath("../..")
surface_material_override/0 = SubResource("StandardMaterial3D_ig7tw")

[node name="CollisionShape3D" type="CollisionShape3D" parent="Floor"]
visible = false
shape = SubResource("WorldBoundaryShape3D_0xm2m")

[node name="MeshInstance3D" type="MeshInstance3D" parent="."]
transform = Transform3D(0.996415, 0.08459959, 0, -0.08459959, 0.996415, 0, 0, 0, 1, -3.789443, 1.0973198, -7.1704597)
mesh = SubResource("BoxMesh_0xm2m")
surface_material_override/0 = SubResource("ShaderMaterial_lquwl")

[node name="Sprite3D" type="Sprite3D" parent="MeshInstance3D"]
transform = Transform3D(1, 0, 0, 0, 1, 0, 0, 0, 1, -0.0071504116, -0.060539097, 0.75432014)
pixel_size = 0.02
texture_filter = 0
texture = ExtResource("5_7mycd")

[node name="Sprite3D5" type="Sprite3D" parent="MeshInstance3D"]
transform = Transform3D(1, 0, 0, 0, 1, 0, 0, 0, 1, -0.3655332, 0.14351416, 0.75432014)
texture_filter = 0
texture = ExtResource("5_7mycd")

[node name="Sprite3D6" type="Sprite3D" parent="MeshInstance3D"]
transform = Transform3D(1, 0, 0, 0, 1, 0, 0, 0, 1, 0.35709623, -0.3578313, 0.75432014)
texture_filter = 0
texture = ExtResource("5_7mycd")

[node name="Sprite3D7" type="Sprite3D" parent="MeshInstance3D"]
transform = Transform3D(1, 0, 0, 0, 1, 0, 0, 0, 1, 0.075383514, 1.2698336, 0.75432014)
texture_filter = 0
texture = ExtResource("5_7mycd")

[node name="Sprite3D8" type="Sprite3D" parent="MeshInstance3D"]
transform = Transform3D(1, 0, 0, 0, 1, 0, 0, 0, 1, -0.37300634, 1.9526446, 0.75432014)
texture_filter = 0
texture = ExtResource("5_7mycd")

[node name="Sprite3D2" type="Sprite3D" parent="MeshInstance3D"]
transform = Transform3D(1, 0, 0, 0, 1, 0, 0, 0, 1, 0.35541403, 0.6940158, 0.75432014)
texture_filter = 0
texture = ExtResource("5_7mycd")

[node name="Sprite3D3" type="Sprite3D" parent="MeshInstance3D"]
transform = Transform3D(1, 0, 0, 0, 1, 0, 0, 0, 1, -0.286712, 1.0870917, 0.75432014)
pixel_size = 0.02
texture_filter = 0
texture = ExtResource("5_7mycd")

[node name="Sprite3D4" type="Sprite3D" parent="MeshInstance3D"]
transform = Transform3D(1, 0, 0, 0, 1, 0, 0, 0, 1, 0.2668723, 1.6414288, 0.75432014)
texture_filter = 0
texture = ExtResource("5_7mycd")

[node name="MeshInstance3D7" type="MeshInstance3D" parent="."]
transform = Transform3D(0.80606747, -0.031811982, -0.59096825, 0.025655584, 0.9994939, -0.01880939, 0.5912675, -1.8626451e-09, 0.8064756, 6.60921, 1.4282889, -12.424461)
mesh = SubResource("BoxMesh_0xm2m")
surface_material_override/0 = SubResource("ShaderMaterial_lquwl")

[node name="Sprite3D" type="Sprite3D" parent="MeshInstance3D7"]
transform = Transform3D(1, 0, 0, 0, 1, 0, 0, 0, 1, -0.0071504116, -0.060539097, 0.75432014)
pixel_size = 0.02
texture_filter = 0
texture = ExtResource("5_7mycd")

[node name="Sprite3D5" type="Sprite3D" parent="MeshInstance3D7"]
transform = Transform3D(1, 0, 0, 0, 1, 0, 0, 0, 1, -0.3655332, 0.14351416, 0.75432014)
texture_filter = 0
texture = ExtResource("5_7mycd")

[node name="Sprite3D6" type="Sprite3D" parent="MeshInstance3D7"]
transform = Transform3D(1, 0, 0, 0, 1, 0, 0, 0, 1, 0.35709623, -0.3578313, 0.75432014)
texture_filter = 0
texture = ExtResource("5_7mycd")

[node name="Sprite3D7" type="Sprite3D" parent="MeshInstance3D7"]
transform = Transform3D(1, 0, 0, 0, 1, 0, 0, 0, 1, 0.075383514, 1.2698336, 0.75432014)
texture_filter = 0
texture = ExtResource("5_7mycd")

[node name="Sprite3D8" type="Sprite3D" parent="MeshInstance3D7"]
transform = Transform3D(1, 0, 0, 0, 1, 0, 0, 0, 1, -0.37300634, 1.9526446, 0.75432014)
texture_filter = 0
texture = ExtResource("5_7mycd")

[node name="Sprite3D2" type="Sprite3D" parent="MeshInstance3D7"]
transform = Transform3D(1, 0, 0, 0, 1, 0, 0, 0, 1, 0.35541403, 0.6940158, 0.75432014)
texture_filter = 0
texture = ExtResource("5_7mycd")

[node name="Sprite3D3" type="Sprite3D" parent="MeshInstance3D7"]
transform = Transform3D(1, 0, 0, 0, 1, 0, 0, 0, 1, -0.286712, 1.0870917, 0.75432014)
pixel_size = 0.02
texture_filter = 0
texture = ExtResource("5_7mycd")

[node name="Sprite3D4" type="Sprite3D" parent="MeshInstance3D7"]
transform = Transform3D(1, 0, 0, 0, 1, 0, 0, 0, 1, 0.2668723, 1.6414288, 0.75432014)
texture_filter = 0
texture = ExtResource("5_7mycd")

[node name="Building" parent="." instance=ExtResource("5_5vw27")]
transform = Transform3D(1.0000001, 0, 0, 0, 1, 0, 0, 0, 1, 2.2100115, 1.4282892, -6.635044)

[node name="Building2" parent="." instance=ExtResource("5_5vw27")]
transform = Transform3D(1.0000001, 0, 0, 0, 1, 0, 0, 0, 1, 7.265977, 1.4282892, -4.5868626)
surface_material_override/0 = SubResource("ShaderMaterial_4c57u")

[node name="Building4" parent="." instance=ExtResource("5_5vw27")]
transform = Transform3D(1.0000001, 0, 0, 0, 1, 0, 0, 0, 1, 12.129528, 1.4282892, -4.5585756)
surface_material_override/0 = SubResource("ShaderMaterial_4c57u")

[node name="Building3" parent="." instance=ExtResource("5_5vw27")]
transform = Transform3D(1.0000001, 0, 0, 0, 1, 0, 0, 0, 1, 9.505432, 1.4282892, -4.5868626)
surface_material_override/0 = SubResource("ShaderMaterial_dg77c")

[node name="Building5" parent="." instance=ExtResource("5_5vw27")]
transform = Transform3D(1.0000001, 0, 0, 0, 1, 0, 0, 0, 1, 14.361892, 1.4282889, -4.187241)
surface_material_override/0 = SubResource("ShaderMaterial_dg77c")

[node name="Building6" parent="." instance=ExtResource("5_5vw27")]
transform = Transform3D(1.4123627, 0.15306315, 0.48146054, -0.19618379, 1.4834827, 0.103884086, -0.46555835, -0.16078448, 1.4168291, -4.6611686, 1.0997043, 12.02596)
surface_material_override/0 = SubResource("ShaderMaterial_efxa6")

[node name="Building7" parent="." instance=ExtResource("5_5vw27")]
transform = Transform3D(-1.4987136, 0.0033845352, 0.062015478, 0.00024600842, 1.4980829, -0.075813614, 0.06210728, 0.07573843, 1.4967986, 7.407884, 1.1528556, 10.626785)
surface_material_override/0 = SubResource("ShaderMaterial_efxa6")

[node name="Building8" parent="." instance=ExtResource("5_5vw27")]
transform = Transform3D(1.4839728, -0.051043544, -0.21264774, 0.05156433, 1.4991134, -9.313226e-10, 0.21252206, -0.0073100245, 1.4848504, 4.431722, 0.9280653, 10.586949)
surface_material_override/0 = SubResource("ShaderMaterial_efxa6")

[node name="Building9" parent="." instance=ExtResource("5_5vw27")]
transform = Transform3D(-1.4611886, 0.025140194, 0.33807608, 0.008526573, 1.4981219, -0.0745517, 0.33890232, 0.07070099, 1.4595021, -1.6838149, 1.3846, 10.761221)
surface_material_override/0 = SubResource("ShaderMaterial_efxa6")

[node name="RoadPiece" parent="." instance=ExtResource("6_kek77")]
transform = Transform3D(0.9952052, 0.097808704, 4.2753543e-09, 0, -4.371139e-08, 1, 0.097808704, -0.9952052, -4.3501803e-08, -0.47420105, -0.48327494, -11.854258)

[node name="RoadPiece13" parent="." instance=ExtResource("6_kek77")]
transform = Transform3D(0.9316152, 0.36344633, 1.5886744e-08, 0, -4.371139e-08, 1, 0.36344633, -0.9316152, -4.0722192e-08, 1.7340422, -0.48327494, -21.061815)

[node name="RoadPiece2" parent="." instance=ExtResource("6_kek77")]
transform = Transform3D(0.992027, -0.12602583, -5.5087646e-09, 0, -4.371139e-08, 1, -0.12602583, -0.992027, -4.3362874e-08, -0.3604393, -0.48327494, -2.267656)

[node name="RoadPiece3" parent="." instance=ExtResource("6_kek77")]
transform = Transform3D(0.992027, -0.12602583, -5.5087646e-09, 0, -4.371139e-08, 1, -0.12602583, -0.992027, -4.3362874e-08, 0.8944063, -0.4832745, 7.6100073)

[node name="RoadPiece4" parent="." instance=ExtResource("6_kek77")]
transform = Transform3D(-0.12602587, -0.992027, -5.5087632e-09, -4.371139e-08, 0, 1, -0.992027, 0.12602587, -4.336287e-08, 6.238748, -0.48327494, -0.4065701)

[node name="RoadPiece14" parent="." instance=ExtResource("6_kek77")]
transform = Transform3D(0.14975962, -0.98872244, 6.546201e-09, -4.3711385e-08, -7.185354e-18, 1, -0.98872244, -0.14975962, -4.3218424e-08, 8.37237, -0.48327494, -23.44952)

[node name="RoadPiece16" parent="." instance=ExtResource("6_kek77")]
transform = Transform3D(0.14975962, -0.98872244, 6.546201e-09, -4.3711385e-08, -7.185354e-18, 1, -0.98872244, -0.14975962, -4.3218424e-08, 18.147608, -0.48327494, -21.976913)

[node name="RoadPiece17" parent="." instance=ExtResource("6_kek77")]
transform = Transform3D(0.27395916, -0.9617413, 1.1975134e-08, -4.3711385e-08, -7.185354e-18, 1, -0.9617413, -0.27395916, -4.203904e-08, 27.60369, -0.48327398, -19.923855)

[node name="RoadPiece20" parent="." instance=ExtResource("6_kek77")]
transform = Transform3D(-0.089850456, -0.9959553, -3.927486e-09, -4.3711385e-08, -7.185354e-18, 1, -0.9959553, 0.089850456, -4.353458e-08, 37.45703, -0.48327398, -18.967115)

[node name="RoadPiece22" parent="." instance=ExtResource("6_kek77")]
transform = Transform3D(0.16310206, -0.9866092, 7.129418e-09, -4.3711385e-08, -7.185354e-18, 1, -0.9866092, -0.16310206, -4.3126047e-08, 46.965443, -0.48327398, -18.60994)

[node name="RoadPiece5" parent="." instance=ExtResource("6_kek77")]
transform = Transform3D(-0.12602587, -0.992027, -5.5087632e-09, -4.371139e-08, 0, 1, -0.992027, 0.12602587, -4.336287e-08, 15.931927, -0.48327494, -1.6379793)

[node name="RoadPiece10" parent="." instance=ExtResource("6_kek77")]
transform = Transform3D(0.113497965, -0.99353826, -5.5087632e-09, -4.245744e-08, -1.0394767e-08, 1, -0.99353826, -0.113497965, -4.336287e-08, 10.147527, -0.48327428, 13.923942)

[node name="RoadPiece12" parent="." instance=ExtResource("6_kek77")]
transform = Transform3D(-0.022477992, -0.9997474, -5.5087632e-09, -4.3475747e-08, -4.5326636e-09, 1, -0.9997474, 0.022477992, -4.336287e-08, 0.4535815, -0.48327434, 13.480811)

[node name="RoadPiece11" parent="." instance=ExtResource("6_kek77")]
transform = Transform3D(0.113497965, -0.99353826, -5.5087632e-09, -4.245744e-08, -1.0394767e-08, 1, -0.99353826, -0.113497965, -4.336287e-08, 22.65874, -0.48327416, 15.353174)

[node name="RoadPiece9" parent="." instance=ExtResource("6_kek77")]
transform = Transform3D(0.12199056, -0.9925313, -5.5087632e-09, -4.2366995e-08, -1.0757482e-08, 1, -0.9925313, -0.12199056, -4.336287e-08, 25.450666, -0.48327488, -1.661289)

[node name="RoadPiece23" parent="." instance=ExtResource("6_kek77")]
transform = Transform3D(0.24650846, -0.9691406, 1.8309354e-11, -4.236699e-08, -1.0757482e-08, 1, -0.9691406, -0.24650846, -4.3711374e-08, 37.149975, -0.48327488, 0.6055229)

[node name="RoadPiece24" parent="." instance=ExtResource("6_kek77")]
transform = Transform3D(0.24650846, -0.9691406, 1.8309354e-11, -4.236699e-08, -1.0757482e-08, 1, -0.9691406, -0.24650846, -4.3711374e-08, 46.79917, -0.48327392, 3.044443)

[node name="RoadPiece6" parent="." instance=ExtResource("6_kek77")]
transform = Transform3D(-0.99879247, -0.04912871, -5.5087632e-09, -7.632476e-09, 4.303987e-08, 1, -0.04912871, 0.99879247, -4.336287e-08, 18.014751, -0.4832752, -7.947191)

[node name="RoadPiece15" parent="." instance=ExtResource("6_kek77")]
transform = Transform3D(-0.99997646, -0.0068591125, -7.337078e-09, -7.632476e-09, 4.303987e-08, 1, -0.0068591125, 0.99997646, -4.309121e-08, 18.282772, -0.4832752, -16.940035)

[node name="RoadPiece18" parent="." instance=ExtResource("6_kek77")]
transform = Transform3D(-0.99997646, -0.0068591125, -7.337078e-09, -7.632476e-09, 4.303987e-08, 1, -0.0068591125, 0.99997646, -4.309121e-08, 32.437584, -0.4832752, -13.468311)

[node name="RoadPiece21" parent="." instance=ExtResource("6_kek77")]
transform = Transform3D(-0.9704223, 0.24141382, -1.7797142e-08, -7.632476e-09, 4.303987e-08, 1, 0.24141382, 0.9704223, -3.9924263e-08, 51.04535, -0.4832752, -12.532655)

[node name="RoadPiece25" parent="." instance=ExtResource("6_kek77")]
transform = Transform3D(-0.994168, 0.10784319, -1.2229517e-08, -7.632474e-09, 4.303987e-08, 1, 0.10784319, 0.994168, -4.1965738e-08, 52.75019, -0.48327473, -2.919156)

[node name="RoadPiece26" parent="." instance=ExtResource("6_kek77")]
transform = Transform3D(-0.99464524, -0.103348084, -3.1435161e-09, -7.632474e-09, 4.303987e-08, 1, -0.103348084, 0.99464524, -4.3598188e-08, 52.74457, -0.48327473, 6.7008567)

[node name="RoadPiece19" parent="." instance=ExtResource("6_kek77")]
transform = Transform3D(-0.99253774, -0.121938676, -2.3272921e-09, -7.632476e-09, 4.303987e-08, 1, -0.121938676, 0.99253774, -4.3649386e-08, 31.81274, -0.48327568, -3.7581038)

[node name="RoadPiece7" parent="." instance=ExtResource("6_kek77")]
transform = Transform3D(-0.99879247, -0.04912871, -5.5087632e-09, -7.632476e-09, 4.303987e-08, 1, -0.04912871, 0.99879247, -4.336287e-08, 17.413706, -0.48327467, 4.2721252)

[node name="RoadPiece8" parent="." instance=ExtResource("6_kek77")]
transform = Transform3D(-0.99336076, -0.1150412, -5.5087637e-09, -1.0460709e-08, 4.2441236e-08, 1, -0.1150412, 0.99336076, -4.336287e-08, 16.598854, -0.48327425, 13.97423)

[node name="MeshInstance3D10" type="MeshInstance3D" parent="."]
transform = Transform3D(0.9952052, 0.097808704, 4.2753543e-09, 0, -4.371139e-08, 1, 0.097808704, -0.9952052, -4.3501803e-08, -2.3337958, -0.43078268, -11.952744)
mesh = SubResource("BoxMesh_efxa6")
surface_material_override/0 = SubResource("ShaderMaterial_ycdy4")

[node name="MeshInstance3D11" type="MeshInstance3D" parent="."]
transform = Transform3D(0.9952052, 0.097808704, 4.2753543e-09, 0, -4.371139e-08, 1, 0.097808704, -0.9952052, -4.3501803e-08, 1.4871047, -0.43078268, -11.952744)
mesh = SubResource("BoxMesh_efxa6")
surface_material_override/0 = SubResource("ShaderMaterial_ycdy4")

[node name="MeshInstance3D13" type="MeshInstance3D" parent="."]
transform = Transform3D(0.9933306, -0.11530123, 4.2753543e-09, -9.262651e-09, -4.2718717e-08, 1, -0.11530123, -0.9933306, -4.3501803e-08, 2.568014, -0.43078172, 6.446623)
mesh = SubResource("BoxMesh_efxa6")
surface_material_override/0 = SubResource("ShaderMaterial_ycdy4")

[node name="MeshInstance3D14" type="MeshInstance3D" parent="."]
transform = Transform3D(-0.115301274, -0.9933306, 4.2753534e-09, -4.2718717e-08, 9.262649e-09, 1, -0.9933306, 0.115301274, -4.35018e-08, 7.3500543, -0.43078196, 1.3575643)
mesh = SubResource("BoxMesh_efxa6")
surface_material_override/0 = SubResource("ShaderMaterial_ycdy4")

[node name="MeshInstance3D15" type="MeshInstance3D" parent="."]
transform = Transform3D(-0.115301274, -0.9933306, 4.2753534e-09, -4.2718717e-08, 9.262649e-09, 1, -0.9933306, 0.115301274, -4.35018e-08, 6.9317465, -0.4307821, -2.2461915)
mesh = SubResource("BoxMesh_efxa6")
surface_material_override/0 = SubResource("ShaderMaterial_ycdy4")

[node name="MeshInstance3D12" type="MeshInstance3D" parent="."]
transform = Transform3D(0.9956535, -0.093135215, 4.2753534e-09, -8.308321e-09, -4.2914536e-08, 1, -0.093135215, -0.9956535, -4.3501803e-08, 1.2857721, -0.43078235, -4.1124597)
mesh = SubResource("BoxMesh_kek77")
surface_material_override/0 = SubResource("ShaderMaterial_ycdy4")

[node name="MeshInstance3D2" type="MeshInstance3D" parent="."]
transform = Transform3D(0.99837583, -0.056971572, 0, 0.056971572, 0.99837583, 0, 0, 0, 1, 2.2502985, 1.0973198, -10.249814)
mesh = SubResource("BoxMesh_0xm2m")
surface_material_override/0 = SubResource("ShaderMaterial_lquwl")

[node name="MeshInstance3D3" type="MeshInstance3D" parent="."]
transform = Transform3D(0.99837583, -0.056971572, 0, 0.05649064, 0.9899479, 0.12966093, -0.007386987, -0.12945034, 0.9915584, -3.3721704, 1.0973198, -13.826068)
mesh = SubResource("BoxMesh_0xm2m")
surface_material_override/0 = SubResource("ShaderMaterial_lquwl")

[node name="MeshInstance3D8" type="MeshInstance3D" parent="."]
transform = Transform3D(0.99837583, -0.056971572, 0, 0.05649064, 0.9899479, 0.12966093, -0.007386987, -0.12945034, 0.9915584, 3.0275478, 1.0973198, -19.356987)
mesh = SubResource("BoxMesh_0xm2m")
surface_material_override/0 = SubResource("ShaderMaterial_lquwl")

[node name="Customer" parent="." instance=ExtResource("6_5vw27")]
transform = Transform3D(1, 0, 0, 0, 1, 0, 0, 0, 1, 0.39875877, 5.9604645e-08, -5.4720526)

[node name="Customer2" parent="." instance=ExtResource("6_5vw27")]
transform = Transform3D(1, 0, 0, 0, 1, 0, 0, 0, 1, 1.7173721, 2.9802322e-07, -3.4082875)

[node name="Customer3" parent="." instance=ExtResource("6_5vw27")]
transform = Transform3D(1, 0, 0, 0, 1, 0, 0, 0, 1, 4.2675905, 2.9802322e-07, -2.7300928)

[node name="Customer5" parent="." instance=ExtResource("6_5vw27")]
transform = Transform3D(1, 0, 0, 0, 1, 0, 0, 0, 1, -3.5216894, 2.9802322e-07, -4.23055)

[node name="Customer6" parent="." instance=ExtResource("6_5vw27")]
transform = Transform3D(1, 0, 0, 0, 1, 0, 0, 0, 1, -2.9728923, 2.9802322e-07, -5.858467)

[node name="Customer7" parent="." instance=ExtResource("6_5vw27")]
transform = Transform3D(1, 0, 0, 0, 1, 0, 0, 0, 1, -1.9917417, 2.9802322e-07, -7.74434)

[node name="WaypointMarker" parent="." instance=ExtResource("7_272bh")]
transform = Transform3D(1, 0, 0, 0, 1, 0, 0, 0, 1, -0.7457826, 0, -8.915827)

[node name="Streetlamp2" parent="." instance=ExtResource("7_5vw27")]
transform = Transform3D(1, 0, 0, 0, 1, 0, 0, 0, 1, 0.8064404, 0.050479293, -7.574259)

[node name="Streetlamp5" parent="." instance=ExtResource("7_5vw27")]
transform = Transform3D(-0.9996793, 0.025322022, -8.742278e-08, 0.025322022, 0.9996793, 0, 8.7394746e-08, -2.2137214e-09, -1, -2.4317372, 0.050479293, -7.839414)

[node name="Streetlamp6" parent="." instance=ExtResource("7_5vw27")]
transform = Transform3D(-0.9951023, -0.098850824, -8.674788e-08, -0.098850824, 0.9951023, -1.0841922e-08, 8.7394746e-08, -2.2137214e-09, -1, -2.4838777, 0.050479293, -9.618173)

[node name="Streetlamp7" parent="." instance=ExtResource("7_5vw27")]
transform = Transform3D(-0.9996793, 0.025322022, -8.742278e-08, 0.025322022, 0.9996793, 0, 8.7394746e-08, -2.2137214e-09, -1, -2.1688905, 0.050479293, -11.595547)

[node name="Streetlamp3" parent="." instance=ExtResource("7_5vw27")]
transform = Transform3D(1, 0, 0, 0, 1, 0, 0, 0, 1, 0.8064404, 0.050479293, -9.063986)

[node name="Streetlamp4" parent="." instance=ExtResource("7_5vw27")]
transform = Transform3D(0.99732596, -0.07308154, 0, 0.07308154, 0.99732596, 0, 0, 0, 1, 1.0131562, 0.050479293, -10.889147)

[node name="Customer4" parent="." instance=ExtResource("6_5vw27")]
transform = Transform3D(1, 0, 0, 0, 1, 0, 0, 0, 1, 3.5014567, 0, -5.469057)

[node name="CanvasLayer" type="CanvasLayer" parent="."]

[node name="Header" type="Control" parent="CanvasLayer"]
layout_mode = 3
anchors_preset = 5
anchor_left = 0.5
anchor_right = 0.5
offset_left = -20.0
offset_right = 20.0
offset_bottom = 40.0
grow_horizontal = 2

[node name="RichTextLabel" type="RichTextLabel" parent="CanvasLayer/Header"]
layout_mode = 0
offset_left = -189.0
offset_top = 70.0
offset_right = 189.0
offset_bottom = 110.0
theme_override_font_sizes/normal_font_size = 14
text = "Driving on Gobuth Street"
horizontal_alignment = 1

[node name="RichTextLabel2" type="RichTextLabel" parent="CanvasLayer/Header"]
layout_mode = 0
offset_left = -189.0
offset_top = 47.0
offset_right = 189.0
offset_bottom = 87.0
theme_override_font_sizes/normal_font_size = 14
text = "Time to tax: 1m 13s "
horizontal_alignment = 1

[node name="RadioLabel" type="RichTextLabel" parent="CanvasLayer/Header" node_paths=PackedStringArray("radio")]
layout_mode = 0
offset_left = -258.0
offset_top = 95.0
offset_right = 259.0
offset_bottom = 135.0
theme_override_font_sizes/normal_font_size = 14
text = "Driving on Gobuth Street"
horizontal_alignment = 1
script = ExtResource("10_cegan")
radio = NodePath("../../../Radio")

[node name="NinePatchRect" type="NinePatchRect" parent="CanvasLayer/Header"]
self_modulate = Color(0.3168, 0.32501334, 0.44, 1)
layout_mode = 0
offset_left = -123.0
offset_top = -11.0
offset_right = 125.0
offset_bottom = 44.0
texture = ExtResource("10_4c57u")
patch_margin_left = 4
patch_margin_top = 4
patch_margin_right = 4
patch_margin_bottom = 4

[node name="NinePatchRect2" type="NinePatchRect" parent="CanvasLayer/Header"]
self_modulate = Color(0.87, 1, 0.90683335, 1)
layout_mode = 0
offset_left = -75.0
offset_top = 9.0
offset_right = 76.0
offset_bottom = 35.0
texture = ExtResource("10_4c57u")
patch_margin_left = 5
patch_margin_top = 5
patch_margin_right = 5
patch_margin_bottom = 5
script = ExtResource("11_dg77c")

[node name="RichTextLabel" type="RichTextLabel" parent="CanvasLayer/Header/NinePatchRect2"]
self_modulate = Color(0.406, 0.58, 0.4089, 1)
layout_mode = 0
offset_right = 144.0
offset_bottom = 35.0
theme_override_font_sizes/normal_font_size = 14
text = "$100"
horizontal_alignment = 2
vertical_alignment = 1

[node name="Footer" type="Control" parent="CanvasLayer"]
layout_mode = 3
anchors_preset = 7
anchor_left = 0.5
anchor_top = 1.0
anchor_right = 0.5
anchor_bottom = 1.0
offset_left = -20.0
offset_top = -40.0
offset_right = 20.0
grow_horizontal = 2
grow_vertical = 0

[node name="NinePatchRect" type="NinePatchRect" parent="CanvasLayer/Footer"]
self_modulate = Color(0.5, 0.39200002, 0.32, 1)
layout_mode = 0
offset_left = -161.0
offset_top = -58.0
offset_right = 169.0
offset_bottom = 16.0
texture = ExtResource("10_4c57u")
patch_margin_left = 4
patch_margin_top = 4
patch_margin_right = 4
patch_margin_bottom = 4

[node name="RichTextLabel2" type="RichTextLabel" parent="CanvasLayer/Footer/NinePatchRect"]
layout_mode = 0
offset_left = -29.0
offset_top = 13.0
offset_right = 351.0
offset_bottom = 89.0
theme_override_font_sizes/normal_font_size = 14
text = "Passenger:
Take me to Pluplop and 5th!"
horizontal_alignment = 1

[node name="Node3D" type="Node3D" parent="."]
transform = Transform3D(1, 0, 0, 0, 1, 0, 0, 0, 1, 22.33553, 0, 5.4363832)

[node name="Sprite3D" type="Sprite3D" parent="Node3D"]
transform = Transform3D(1, 0, 0, 0, 1, 0, 0, 0, 1, 0, 0.92143685, 0)
pixel_size = 0.03
billboard = 2
texture_filter = 2
render_priority = 1
texture = ExtResource("11_efxa6")

[node name="Node3D2" type="Node3D" parent="."]
transform = Transform3D(1, 0, 0, 0, 1, 0, 0, 0, 1, 23.068958, 0, 5.9492197)

[node name="Sprite3D" type="Sprite3D" parent="Node3D2"]
transform = Transform3D(1, 0, 0, 0, 1, 0, 0, 0, 1, 0, 0.92143685, 0)
pixel_size = 0.03
billboard = 2
texture_filter = 2
render_priority = 1
texture = ExtResource("11_efxa6")

[node name="Node3D3" type="Node3D" parent="."]
transform = Transform3D(1, 0, 0, 0, 1, 0, 0, 0, 1, 21.7776, 0, 6.184614)

[node name="Sprite3D" type="Sprite3D" parent="Node3D3"]
transform = Transform3D(1, 0, 0, 0, 1, 0, 0, 0, 1, 0, 0.92143685, 0)
pixel_size = 0.03
billboard = 2
texture_filter = 2
render_priority = 1
texture = ExtResource("11_efxa6")

[node name="Node3D4" type="Node3D" parent="."]
transform = Transform3D(1, 0, 0, 0, 1, 0, 0, 0, 1, 22.595236, 0, 6.9306407)

[node name="Sprite3D" type="Sprite3D" parent="Node3D4"]
transform = Transform3D(1, 0, 0, 0, 1, 0, 0, 0, 1, 0, 0.92143685, 0)
pixel_size = 0.03
billboard = 2
texture_filter = 2
render_priority = 1
texture = ExtResource("11_efxa6")

[node name="Node3D5" type="Node3D" parent="."]
transform = Transform3D(1, 0, 0, 0, 1, 0, 0, 0, 1, 21.740257, 0, 7.942441)

[node name="Sprite3D" type="Sprite3D" parent="Node3D5"]
transform = Transform3D(1, 0, 0, 0, 1, 0, 0, 0, 1, 0, 0.92143685, 0)
pixel_size = 0.03
billboard = 2
texture_filter = 2
render_priority = 1
texture = ExtResource("11_efxa6")

[node name="Node3D6" type="Node3D" parent="."]
transform = Transform3D(1, 0, 0, 0, 1, 0, 0, 0, 1, 23.381681, 0, 9.657141)

[node name="Sprite3D" type="Sprite3D" parent="Node3D6"]
transform = Transform3D(1, 0, 0, 0, 1, 0, 0, 0, 1, 0, 0.92143685, 0)
pixel_size = 0.03
billboard = 2
texture_filter = 2
render_priority = 1
texture = ExtResource("11_efxa6")

[node name="Radio" type="Node" parent="."]
script = ExtResource("13_ycdy4")
songs = Array[AudioStream]([ExtResource("14_074og"), ExtResource("15_cegan"), ExtResource("16_82xsv"), ExtResource("17_getpj"), ExtResource("18_ryguw")])
channel_names = Array[String](["FLOW 24/7", "goblin_nation.fm", "Suntown Down", "Dramatica", "Taxi Tunes"])

[node name="AudioStreamPlayer" type="AudioStreamPlayer" parent="Radio"]
volume_db = -8.0
